2 7 9296 11176 9096 6151 9174 14 6115
1 7 3122 11065 3172 66 195 11121 158
1 13 6106 11159 9118 6094 11092 155 11175 6021 94 9045 9055 11038 3092
1 8 9097 11186 104 4640 11443 11127 11426 3152
1 6 66 195 11121 158 11081 11164
1 7 11105 6009 204 9183 165 11056 6186
1 8 11105 9129 11172 9094 169 3117 11126 3122
1 7 3338 3075 180 6105 9099 154 6177
2 7 223 3210 3278 236 398 3390 3335
1 5 9340 265 530 6229 6360
2 13 372 6338 11387 9381 11286 11354 3264 272 3139 6297 305 6217 12244
2 10 9271 298 403 6308 9349 273 7237 6246 7403 12244
1 4 1754 278 11307 7228
2 6 3460 17 3381 279 3324 389
2 6 11542 9429 494 445 3485 9570
2 3 11420 485 11563
2 6 9508 11428 584 506 11467 9457
1 4 3152 567 83 3174
2 5 3569 569 11556 9429 11542
1 8 10253 4254 1247 12235 11591 642 475 10262
2 7 11658 9697 768 781 6482 11733 528
1 7 980 970 11805 3861 799 6924 9817
2 6 9817 889 845 874 6867 3874
2 8 3981 3904 9899 861 9841 11850 6947 3932
2 5 7183 1178 875 3871 6896
2 9 4140 9843 6969 881 11801 6937 6988 10499 12348
2 13 4140 9843 11822 900 3830 9905 3814 6898 934 3934 9788 6951 987
2 6 4052 10065 11915 1003 12040 7125
1 13 11954 4120 1127 1198 4057 12088 10117 10046 4047 1041 1118 9980 7209
2 4 11969 7180 1046 1058
2 4 12051 11953 1058 1046
2 8 4172 7217 10128 12007 1117 11930 4067 7169
2 5 10074 3857 1156 4159 9990
2 10 4075 4119 1157 7093 10004 1018 4023 7135 4160 1070
2 9 10756 10296 4365 4321 7340 1228 7428 7465 1622
1 7 4388 1308 1281 12201 1394 1337 4371
2 3 4361 1342 10279
1 7 7564 7535 4530 7592 1570 7649 4658
2 10 12364 10402 12394 12409 1639 1596 12998 10935 11021 8215
1 10 4333 12152 1287 7350 10218 10653 1668 10680 10550 7795
1 6 10528 7835 10658 4705 1672 7786
2 5 7315 12214 10327 1690 12124
1 5 4860 1736 10602 7845 9616
1 9 10589 1745 6211 12549 4006 1819 13062 5264 13063
1 4 3010 6754 1763 7858
1 8 10701 1878 1805 4881 10598 1772 1807 7754
2 3 1976 2006 1933
1 6 5164 2123 2202 8201 12967 8205
2 3 8183 2196 8205
1 6 7185 5239 2947 7901 13075 2407
1 10 6106 11159 9118 3033 9118 2994 9078 9176 6052 3187
2 6 11109 117 3072 11068 149 3151
1 16 3122 11065 3172 9156 11132 132 9106 3125 9106 9233 11079 11024 7 3185 3068 9061
1 21 3121 6181 178 11031 11117 3134 11183 6117 9140 9116 6092 9064 11104 9128 11169 9191 6107 3082 3058 11050 91
2 7 331 3293 3203 11453 9568 3543 525
2 9 3335 6252 11284 6365 246 382 3308 11347 6262
2 12 3335 6252 11284 11235 11369 274 3327 9302 3358 344 9256 6245
2 3 4003 3456 1179
1 6 3668 6689 666 3667 4534 1599
1 3 3668 3682 3672
2 5 11800 6705 3687 6707 11654
2 12 885 903 9872 3920 3918 920 3725 11843 729 11692 6955 758
3 7 6613 780 3768 764 9738 6780 770
1 6 12663 12603 3769 10552 10593 4860
1 8 940 11860 6877 909 3951 11831 856 11867
1 5 10444 7532 3962 9859 6994
1 3 863 3973 3844
2 5 3924 3974 984 6611 3601
2 5 11991 1096 7146 4013 1055
2 6 7109 7000 4093 12078 1203 4469
2 6 7137 7650 4134 4628 4085 1884
2 5 7045 12054 4168 6943 788
1 5 4425 8063 1197 4318 12789
1 7 12268 10322 1274 1313 4320 4361 1342
2 9 12279 4228 1311 1340 4373 1224 4269 1293 12188
1 16 12189 7266 3963 12136 1343 9733 4404 9733 7249 4841 7868 1742 1755 1820 1322 12446
1 5 8087 4472 12114 7465 1622
1 7 7661 1536 12434 4473 10454 4825 1896
1 7 12333 8099 10357 4482 7560 4958 4893
1 7 12264 10438 10425 12360 4511 7516 1464
2 4 4516 4544 12452 1444
2 4 11760 11776 4601 1445
1 9 3913 4642 9831 11836 3877 12478 10429 10363 12348
1 8 10682 4836 12377 7533 4453 4658 7649 1570
1 9 12655 4687 7707 7805 10631 10628 10688 12531 10557
1 7 12536 4789 12631 10580 10649 4690 10646
1 8 1709 4700 12580 10529 12542 12672 1784 12517
1 11 4333 12152 1287 10235 4661 12594 4867 12594 11410 1794 4803
1 4 8058 5077 5034 4948
2 6 4925 10132 2045 5193 7397 12797
1 5 9100 9206 6186 11056 165
1 4 3320 327 6296 6360
1 5 6360 3337 9731 6314 3288
2 8 6554 6530 502 3466 6474 6493 9430 9417
2 7 520 11474 3529 6527 9474 6503 6490
2 9 3981 3852 6922 959 6822 898 6944 11879 957
2 12 1866 6827 12550 1734 6767 7899 4775 10718 1782 4869 7366 9467
2 4 11782 6882 3878 859
2 7 6914 3858 6993 11870 9933 813 6878
2 6 7169 12056 3848 6994 9859 3962
1 9 11954 4120 7063 12079 1186 13078 7206 4060 7079
2 6 4172 10125 12097 7087 7157 9998
1 7 4872 4426 9615 6728 7185 5239 2947
2 7 9965 12028 7197 7046 10092 4027 1025
1 6 1041 1118 9980 7209 4194 1149
1 5 1821 12567 7228 11307 278
2 3 10278 7436 4420
2 7 12485 4506 1645 7526 10433 12412 10503
1 5 1453 7552 7524 4464 7668
1 14 12910 7567 5225 8186 10927 5183 5197 12948 2191 12976 12990 11011 5175 8228
2 7 7338 12173 10411 7572 7353 7492 1488
1 6 7630 7617 4624 4611 12878 13087
1 9 10239 1375 1879 10630 7708 1797 10546 1794 4803
1 4 7768 4715 7738 12517
2 12 12189 4805 12261 4246 7616 4829 7754 1807 1772 10598 4881 1805
1 5 10646 1676 7804 7843 4751
1 3 8113 7968 10912
2 5 2023 12703 1937 8056 1944
1 6 4682 5016 8112 5042 10802 1961
1 14 1652 8228 5175 11011 12990 12976 2191 12948 5197 5183 10927 8186 5225 7567
1 7 10682 10455 5134 2114 8249 12918 12910
1 11 3187 3030 9061 3068 3185 7 11024 11079 9233 9106 3125
2 7 8007 9084 10066 10772 2002 12868 2086
1 13 9151 9035 3108 9154 6129 113 3191 202 9068 10 133 3136 6160
2 8 6115 11078 9157 11028 9227 11206 9139 3022
2 10 3022 6118 3096 9216 11100 9127 3180 3188 3114 122
2 13 11523 3578 6450 11308 11335 11393 9258 9286 6391 11324 297 11277 3303
2 9 301 3290 11330 11268 9330 3356 9273 9394 9367
2 7 6233 6344 9288 546 3568 489 525
4 6 6103 507 9458 6489 6351 3369
2 9 6554 6530 11461 11452 9479 9463 9433 6451 3452
2 6 11542 9569 9541 543 6723 704
1 7 12333 8099 10414 7924 9605 1573 7639
1 6 6710 6769 9684 695 11637 870
2 6 6878 6901 9840 11838 11697 743
1 5 11899 953 9894 11816 3924
2 6 10102 4071 1154 9971 1029 4082
2 5 12098 12066 9990 4159 1156
2 4 1182 9998 7157 7087
1 8 940 11860 3876 11907 10041 3927 928 11848
1 8 7079 9989 11967 10061 11910 1071 4145 4076
1 5 10382 12343 10225 12212 1373
2 4 1976 10257 4167 2091
2 7 9450 12368 6737 10339 10393 7539 7458
1 8 12333 10510 10359 12359 7602 10385 10768 4580
2 6 4469 12300 10367 4074 7659 3427
2 9 7137 7650 1597 7095 10404 7168 7128 7210 11941
2 6 4140 1137 10480 1027 1203 4469
1 8 12357 9657 926 1760 10526 3699 1719 1866
1 8 4797 1762 4837 10528 7835 10658 4705 1672
1 10 12655 1780 10576 7750 12514 10533 1726 12672 1784 12517
1 6 12518 11607 12592 10540 4744 13063
2 7 4925 1395 12819 2067 10726 4937 7965
1 4 8117 10797 5089 7953
2 3 8122 10803 12742
1 10 11109 71 6035 6095 70 11059 11153 6057 3084 6106
1 17 9151 205 130 9088 182 118 9093 3100 3062 11190 148 3054 11155 3095 11060 6130 91
2 7 9209 6164 9054 11114 9138 179 6160
3 7 9392 9383 6300 3150 11136 11207 9161
2 7 9151 11040 11147 3045 9117 9193 11197
2 6 6115 3171 11151 171 6310 383
2 9 6050 11163 35 3106 11197 9193 9117 3045 11147
2 10 223 11290 11353 354 11234 207 9254 11392 6324 11202
2 13 301 3290 11330 11268 11379 11248 11314 3275 3339 6362 9360 6299 3303
2 11 11523 3578 6450 11308 11335 11393 11269 3317 286 3276 6302
2 5 9303 9255 11371 11257 385
2 16 372 6338 11356 9373 6253 3224 9325 6327 11375 9389 6370 11134 9033 9159 6215 3190
1 11 9417 11434 11450 11459 3519 3540 6591 6494 510 3527 413
2 9 525 3543 550 11514 6593 9493 9554 6579 560
2 6 885 903 9700 11684 738 11688
1 14 520 6516 6486 9455 11579 9735 11706 9753 11736 3622 11578 615 464 3618
2 5 599 6626 11735 13252 3601
2 8 6845 6869 11785 9804 847 3850 880 11800
1 6 921 3807 11844 6925 11792 940
2 6 10492 7612 10437 11975 1547 10029
2 6 7121 4056 12060 1054 12085 10110
2 8 4373 1224 4269 1293 12188 1379 1407 4241
2 9 10236 12236 10306 1372 12279 4228 1311 1340 4373
2 4 10362 12336 10347 7638
1 5 12333 8099 7618 12465 1614
1 6 1709 7800 4780 12521 4209 1387
1 8 1323 12571 10548 1799 13202 13203 10707 4848
1 6 4801 12686 4729 12669 10689 4783
1 5 4872 12688 3721 12593 12663
1 12 12536 4789 4793 7886 10712 10639 12691 12621 1876 7841 4750 1803
1 10 13349 13320 13329 13327 13335 13283 13284 11010 2142 2111
2 3 72 9130 183
2 8 72 6075 6034 11103 3160 60 9082 6106
1 8 91 11050 3058 11130 11115 3055 124 11164
2 10 99 6121 9145 11133 11193 31 6288 12203 4356 12244
1 4 99 3155 154 6177
2 9 121 11166 9188 6143 11213 11189 6097 3157 72
2 8 121 11205 231 11039 9144 9046 3323 6245
2 3 121 3220 3190
2 7 223 306 3362 6273 6400 287 6303
2 5 301 9348 6290 6396 6262
2 5 301 9278 6356 252 121
2 7 301 9278 6356 3240 346 3116 3190
3 4 351 11299 11378 9392
2 9 372 6338 11356 9373 6253 3224 9325 6327 3303
4 2 377 407
2 5 383 3307 6412 9362 6345
2 5 384 356 3318 6477 413
2 2 389 9263
2 4 389 3380 6402 6332
2 7 389 3380 3351 6347 9290 6567 3544
2 6 389 3324 3295 3230 548 9508
2 3 402 9544 3392
2 9 402 11274 11329 11357 400 3254 11312 6407 6360
1 3 402 3521 3559
2 3 476 3457 6509
2 5 476 9423 6600 11705 11686
2 6 495 6469 3512 9363 11456 6496
2 3 512 9507 6547
2 7 520 3487 3475 481 3413 6794 6765
2 5 525 504 11490 9481 476
2 8 525 11557 582 9437 11425 463 11462 3520
2 5 525 3494 11438 458 3452
2 7 528 10151 4347 10305 12134 4736 4607
2 5 541 11522 11539 11554 11398
2 4 564 3355 3395 6377
3 4 564 11431 6535 495
2 7 564 11431 6535 11346 9363 11456 6496
2 3 564 6513 11402
2 3 572 513 3412
2 3 572 6557 6509
2 4 572 9454 491 11479
4 4 573 514 11481 3535
3 3 573 514 478
2 4 573 469 6440 11542
3 5 587 3547 11470 9575 11531
2 3 587 6469 495
2 4 587 3444 6500 6496
2 4 587 9522 3488 6583
3 3 589 6488 3397
3 5 589 6594 9557 11529 6540
3 3 589 6568 3530
3 4 589 11560 11547 11531
3 6 589 6488 9486 529 9482 495
1 5 599 11595 6673 11612 3673
1 2 599 3631
2 3 603 3604 11584
2 2 603 9598
2 3 620 6618 3771
2 7 620 3621 6648 6644 9609 9625 648
2 3 620 625 629
2 7 620 3626 651 9629 11631 3493 512
2 3 629 655 6657
2 7 629 11869 651 9629 11631 3493 512
2 7 629 11582 595 6792 11720 6775 11702
2 3 629 3659 11613
1 2 650 8222
1 3 650 10992 8215
1 8 650 2179 10964 2158 11022 12978 13309 8216
1 6 650 5191 8194 5228 11000 5171
1 2 653 3673
1 5 663 11623 6680 6678 9633
2 4 684 6700 9621 3617
2 5 684 11646 679 646 9606
1 3 687 9635 657
2 2 689 870
2 3 689 11656 6710
2 10 704 11651 9665 3703 6708 688 3675 11634 11618 9633
2 5 730 11644 9656 6682 9640
2 4 730 3713 6751 6573
2 3 740 6756 743
2 2 740 11688
2 9 743 11697 9884 9882 3899 897 872 6836 6812
2 4 747 10063 7068 10009
2 6 758 3761 6764 9719 13218 11707
3 3 770 3772 6788
2 5 770 11721 3959 3928 911
3 5 770 6780 3782 776 3780
2 8 770 6780 3782 776 6635 636 9618 9620
2 11 770 6780 3782 776 6635 3641 9600 658 661 11623 663
2 5 770 6780 9745 778 9603
1 2 792 1108
1 4 792 11919 1065 7107
2 7 818 11588 6652 11657 630 6634 11583
2 6 818 11588 6652 11657 3649 9606
2 2 819 955
2 5 819 11803 883 6843 9784
2 6 819 9826 923 11846 9904 11751
2 3 819 9826 3923
1 2 849 11905
2 3 859 3878 9847
1 5 863 11786 9916 9805 10203
1 5 864 6935 4583 12320 12450
1 5 868 7684 1756 4668 4865
2 4 870 9653 6713 9450
1 4 878 9862 9888 9902
1 7 878 893 11813 9818 6857 3526 11818
2 6 885 903 6936 9827 9846 3874
2 5 885 9870 3859 11766 6878
1 8 901 2013 12316 1631 10815 4974 2057 5027
1 3 921 3964 919
1 6 921 3807 3862 804 11747 11784
1 4 921 6888 9761 3890
1 4 921 6888 3921 886
1 2 925 967
2 4 932 3735 13233 740
2 4 932 3902 11852 885
2 3 932 9857 6878
1 3 940 3788 1122
1 7 940 11792 869 9763 10056 11810 11746
1 8 949 965 793 3796 9610 9612 649 9783
1 4 949 935 907 3882
1 6 949 965 11868 11887 9906 9890
2 5 955 851 3968 10027 12098
2 4 964 6918 6851 1150
1 4 967 11861 9879 9907
1 3 980 3866 3790
2 4 987 9781 11764 964
1 10 987 11771 846 9831 11836 3877 12478 10429 10363 12348
1 3 988 10951 1950
1 4 988 7931 6008 3109
1 4 988 10883 12824 12830
1 3 988 10071 8193
2 4 1013 9964 4146 1128
2 3 1013 11923 4150
1 5 1019 11927 10047 7012 10029
2 5 1034 7208 5007 7301 1976
2 4 1067 11960 7072 12031
2 2 1067 4172
1 3 1068 4143 10126
1 6 1068 7188 7030 10028 1151 12071
1 8 1068 10031 7144 11974 12044 10097 1206 12771
2 3 1070 11990 994
2 5 1083 7035 1153 4185 7054
2 4 1083 7035 9959 4619
2 6 1083 4203 4158 10434 7568 7459
2 3 1092 11946 4197
2 4 1092 7050 11985 1025
2 2 1093 10024
2 6 1093 9903 832 942 9757 6914
2 3 1120 1162 1202
2 5 1120 12095 1047 7108 10062
2 3 1121 1076 4082
2 4 1121 12055 7025 7085
1 4 1128 7033 13077 4046
2 3 1128 4146 1145
2 3 1159 4245 10077
1 3 1179 7917 12774
2 6 1182 993 7016 4118 1024 7169
2 3 1202 1047 4189
1 3 1205 976 863
1 4 1323 10273 1393 1408
1 4 1323 1737 4343 7677
1 4 1323 10644 1411 7858
2 7 1349 12269 12182 10210 12295 7250 4291
2 4 1349 7119 4072 7177
1 4 1352 4757 10676 12586
1 6 1355 4358 1339 13001 12190 1326
1 3 1358 4378 4226
2 2 1367 4925
2 6 1367 12767 7256 531 7911 1933
2 5 1386 4434 7642 12277 1413
1 6 1387 4209 1294 1694 7741 1418
1 8 1387 4824 4754 1880 7733 12700 7796 7768
2 3 1413 12277 10135
1 2 1413 12293
1 4 1418 12619 10568 1709
1 10 1418 1229 12285 12115 12143 10140 12198 12227 4394 10253
1 7 1424 4285 4342 1619 1338 12459 7462
2 3 1427 7367 7338
2 4 1427 7408 12224 12264
2 4 1427 12122 12220 4388
1 2 1440 4155
2 3 1444 4204 10077
2 4 1444 12035 12307 7497
2 4 1444 10358 1538 10428
2 3 1444 1059 4104
2 2 1445 6696
2 5 1445 4452 7547 6971 7588
1 3 1468 7576 1833
2 3 1488 10371 1990
1 4 1488 1253 4293 12127
1 5 1488 7492 7312 4408 12125
1 4 1492 12404 12449 1650
1 5 1492 10386 12492 12464 4588
1 3 1492 7562 1170
1 13 1589 10464 12330 1561 12358 1098 4307 4262 1289 10169 7311 10197 10153
1 7 1589 10464 12330 7336 10450 12444 10222
1 7 1592 1374 4539 1520 1390 12332 1464
1 3 1592 12460 4302
1 2 1594 4598
2 4 1595 7551 9810 870
1 4 1599 6671 3658 772
1 4 1607 7603 2061 1170
1 6 1614 1479 12471 7486 4578 10353
1 2 1618 5103
1 4 1618 6803 12778 12458
1 5 1622 12241 7090 9946 10428
1 4 1650 4059 1014 12090
1 9 1652 4630 1540 1511 12323 4645 10971 5125 8152
1 6 1675 12511 4768 1591 10547 7795
1 2 1678 7458
1 6 1709 10696 12679 1733 1860 7825
1 8 1725 12614 12544 4777 10669 12695 7843 4751
1 3 1725 1728 10623
1 4 1725 12541 4786 4783
1 3 1747 7745 4749
1 5 1747 10587 7760 1851 4741
1 4 1747 7745 4794 4723
2 6 1754 7375 4372 390 1365 12244
2 2 1754 12527
1 7 1803 4808 1735 7828 7726 12608 10557
1 6 1803 7876 12523 4782 10544 12655
1 4 1821 307 12102 1387
1 5 1821 10133 12287 1233 9292
1 3 1827 10588 868
1 6 1827 12642 1809 1738 2102 10642
2 2 1866 6752
1 5 1866 4807 11971 12418 7458
1 3 1874 12963 8214
1 2 1874 10929
2 3 1884 7606 12282
1 4 1888 8009 10873 1963
1 6 1888 7990 12739 12895 2070 13082
1 6 1888 10890 10759 11249 10913 12863
1 2 1891 2056
1 2 1891 12817
2 2 1896 4755
1 6 1896 12793 4901 4609 4637 4580
1 5 1896 12793 4553 7969 10837
2 9 1896 12793 2071 10523 8125 1982 5067 8074 1963
1 6 1896 12793 2071 9816 12773 5050
1 6 1896 12861 1822 5014 3916 10106
2 2 1908 4149
2 4 1908 2054 7905 10807
2 2 1908 12844
2 2 1909 2094
1 3 1909 12802 2012
1 4 1909 12858 12834 4989
1 4 1909 5039 5070 10762
1 3 1909 4957 10829
2 8 1919 12430 12581 2058 1483 10408 7706 12583
1 8 1919 12430 12581 4542 8027 4923 1766 2015
2 5 1944 12772 2052 7993 10747
2 6 1944 12772 1997 5000 4942 8113
1 2 1959 8055
1 3 1961 8029 1991
1 5 1963 2026 12756 2065 5050
1 5 1963 2026 12756 1922 7953
1 4 1963 10828 12780 12863
2 3 1965 10832 10730
2 4 1965 7913 2011 2008
2 5 1965 8089 10773 12712 8236
2 6 1965 12755 4887 8032 2051 12746
2 3 1965 7913 10732
1 3 1965 7913 5021
1 3 1968 12677 5199
1 4 1968 8054 1552 2126
1 2 1968 7548
1 7 1976 7301 5007 7208 1458 7659 3427
2 6 1983 9973 12777 5055 5040 4410
2 4 1983 7064 7334 4987
2 4 1984 12862 10743 12806
2 5 1984 13241 5097 13239 5010
2 9 1984 13237 13238 13236 5041 13240 7980 13249 10775
2 3 1984 13241 13242
1 4 1984 13237 13250 12766
2 6 1984 13237 13238 13236 5041 8124
1 2 1990 4568
2 6 1990 4496 7531 12345 1357 12373
1 4 1990 4175 7603 1607
1 6 1991 2093 10755 8037 4914 7940
1 2 2008 10172
2 3 2008 5052 12746
1 3 2008 4956 5021
1 4 2012 2100 12834 4989
1 2 2012 10829
1 2 2012 8058
1 2 2012 8015
2 2 2014 5033
2 4 2014 4900 12892 4987
1 4 2014 4900 8121 1991
1 2 2014 4435
1 5 2015 1766 4923 12370 1675
1 3 2016 10827 8052
1 5 2016 10851 12744 10908 7996
2 3 2022 556 1933
2 2 2022 12797
2 4 2022 12732 12327 5100
2 6 2022 6638 1985 8081 10854 1959
1 6 2022 1630 7511 8127 10724 8055
2 2 2023 10747
2 3 2023 12872 7936
1 4 2023 4969 10482 7630
1 4 2024 8016 7219 988
1 3 2024 9986 7548
1 4 2024 7716 4128 12896
2 3 2025 1932 1891
2 2 2028 5100
1 7 2028 7971 12820 1838 7732 12656 10674
1 7 2028 7971 1778 1781 7864 12541 1725
1 3 2028 8102 4783
1 5 2029 4976 12768 5081 10791
1 3 2029 12821 5074
2 4 2041 8005 12884 1961
2 4 2041 1910 12763 12717
1 4 2041 10821 1970 2015
1 3 2046 7989 12725
1 4 2046 12826 4961 2016
1 6 2046 2003 5017 12723 13250 12766
1 5 2046 7989 10745 10844 12771
2 2 2050 12731
2 6 2050 12900 1992 8021 4938 5028
2 3 2050 12900 2025
2 4 2050 12900 1932 1891
2 3 2050 12900 8034
2 2 2050 10919
2 3 2050 12900 12817
1 2 2056 12762
1 4 2056 12707 7950 10836
1 2 2056 12817
1 3 2056 1975 5101
3 2 2086 4915
2 3 2086 2054 1908
2 4 2086 12868 12041 12844
2 7 2086 10794 9951 10021 7374 4386 4987
2 2 2089 8085
2 4 2089 12726 2004 10876
2 5 2089 12726 78 10774 5050
1 2 2089 7953
1 4 2089 12879 5058 4968
2 6 2091 5048 10144 7948 10757 12086
1 4 2103 2059 12894 2029
1 5 2103 2059 8118 4932 10791
1 5 2103 2059 2018 5049 7960
2 5 2105 10816 1949 2036 10807
2 3 2105 4950 10030
2 5 2105 12080 8076 7165 9975
2 2 2105 11995
1 7 2106 10986 2208 5143 8255 10975 12942
1 3 2106 12922 2209
1 2 2115 12975
1 2 2126 7548
1 3 2126 12391 8138
1 2 2126 12981
1 2 2132 2228
1 3 2152 2194 11007
1 3 2152 11023 12951
1 5 2152 12901 4587 2109 8181
1 3 2152 2173 2106
1 2 2152 2209
1 5 2197 7839 4819 12632 1814
1 5 2220 8144 10932 2206 5224
1 2 2220 4171
1 2 2227 10933
1 7 3010 515 10684 7718 1857 11712 4860
1 3 3010 7766 2407
1 4 3109 6008 11012 12830
1 3 3109 2192 8207
1 3 3109 2192 8193
1 3 3109 2192 12975
1 3 3151 3060 9100
2 4 3211 9498 3262 6496
2 4 3260 3325 13259 6364
2 3 3314 391 3211
2 2 3314 6336
2 8 3335 3390 398 371 11383 9396 9371 6233
2 5 3335 6411 9384 9355 11368
1 5 3338 312 11171 3065 183
1 5 3338 312 3168 9248 3092
3 6 3369 9484 3463 9562 11406 6526
3 3 3369 6378 377
3 4 3379 3329 276 385
2 4 3392 11528 6415 560
2 4 3392 11247 347 13206
2 4 3392 11466 6484 3559
3 3 3397 6549 564
2 5 3397 11445 9524 6513 11402
2 3 3412 6546 3392
1 5 3412 11441 9452 6484 3559
1 3 3427 4960 1959
1 9 3427 10451 7631 10424 7048 4612 11752 1608 12348
2 9 3452 6451 11561 11715 737 568 3722 705 3686
2 5 3460 9532 9439 493 9508
1 2 3482 6416
2 3 3513 4328 528
2 3 3513 12211 10183
2 5 3513 12183 7865 12553 9616
3 8 3516 9444 9418 9559 11502 3629 549 9503
3 6 3516 11519 6537 3488 9522 587
3 5 3516 9444 9418 5291 11516
3 4 3516 9536 11606 11483
2 5 3516 11519 11562 6500 6496
2 4 3516 13081 9472 13011
2 6 3516 13081 3447 3402 454 11420
3 4 3516 9444 11407 6583
2 8 3520 522 6565 9566 238 343 3364 3335
2 5 3520 501 11397 418 6554
2 4 3520 11526 3580 457
3 4 3530 3558 11547 11531
2 6 3530 6542 6712 11640 9638 9620
2 5 3530 6542 6712 11640 663
3 7 3535 9441 9497 482 13116 11445 3397
3 7 3535 9441 11404 9416 11544 11529 6540
3 4 3535 6582 6487 9456
2 6 3535 9441 9497 6524 3561 11402
2 3 3544 524 402
1 3 3544 9400 3482
1 3 3559 3458 6416
2 4 3569 11511 9539 9692
1 3 3606 7869 4848
1 4 3606 10703 7830 2407
1 4 3617 6643 646 9606
1 2 3617 11577
2 2 3652 648
2 5 3652 3669 3506 11491 11506
2 2 3652 9642
2 6 3652 680 6531 3533 11732 13011
2 5 3652 3669 3506 6518 512
2 7 3652 817 3650 6668 6666 11590 9620
1 2 3653 772
3 3 3663 11619 11655
2 4 3663 660 3676 11639
2 7 3663 11619 690 9668 9670 9672 6714
1 6 3668 4463 7624 4458 7495 7661
1 3 3673 11612 3631
1 6 3673 3674 668 671 11618 9633
1 2 3732 3712
2 8 3734 6768 9709 9726 11696 11678 731 6718
2 3 3734 3760 11668
2 4 3734 3752 765 11559
2 5 3738 11703 11546 3403 3452
2 2 3738 11670
1 4 3743 9548 6761 11689
2 7 3771 6773 6789 769 6770 11711 9898
2 3 3771 11718 752
2 4 3775 3763 749 11654
2 7 3775 3763 11695 722 9711 9724 6710
2 7 3778 6630 3605 11567 9580 6797 3775
2 7 3778 3635 3661 9634 6676 6510 9467
2 4 3780 773 3776 603
2 2 3780 6790
2 7 3780 607 9600 658 661 11623 663
2 5 3780 969 11568 6631 9598
2 3 3823 11738 788
2 9 3823 11841 10412 10439 7558 9779 12637 9727 1445
2 4 3823 10343 7646 7588
2 5 3823 873 951 6929 6984
2 3 3823 873 3957
1 3 3834 7747 6897
1 2 3838 11804
1 3 3844 10163 11818
1 4 3846 6933 3866 3790
1 2 3854 4171
1 4 3854 1181 12847 1950
1 7 3874 794 11756 9917 6866 9925 931
1 8 3882 907 6886 6857 9818 11813 893 878
1 4 3882 867 11762 9875
1 3 3882 9874 9890
1 5 3882 907 6886 3526 11818
1 4 3890 7620 11759 4512
1 4 3890 9912 9823 7671
1 3 3890 3921 886
2 5 3913 916 11808 11771 987
1 3 3923 6831 9838
2 2 3932 3913
2 5 3932 7663 11864 7591 10503
2 4 3932 6905 11781 6963
2 4 3956 797 11741 11899
2 4 3956 982 11858 9809
2 4 3960 2082 8025 5103
2 5 3960 9829 5001 7485 12458
1 4 3967 6995 11881 11894
2 5 3986 11820 3845 794 3874
1 4 3986 6948 3930 931
1 4 3988 1109 976 1205
1 3 3988 7096 4178
1 4 3988 4109 7127 3401
2 4 4003 1147 4064 9975
2 6 4003 4110 7084 7049 8066 8013
1 3 4003 7020 1190
2 7 4009 10474 7019 12408 5092 7301 1976
2 7 4052 9790 912 9918 9795 11828 6963
2 7 4052 9790 912 11835 6981 9854 964
2 3 4070 9944 11920
1 4 4070 1094 4099 1055
2 3 4075 12048 1073
2 6 4075 1185 11936 10016 4397 12297
2 5 4075 10103 7218 12433 4568
2 4 4081 1078 1162 1120
1 3 4111 4550 10087
1 2 4111 792
1 4 4111 1074 1065 7107
1 3 4111 1074 7170
1 6 4111 7184 12442 7513 2013 901
1 7 4111 7184 4440 8101 10901 7970 5027
2 3 4140 11761 10068
2 5 4141 6999 7240 8026 1367
2 6 4141 6999 7240 8026 12274 2091
2 5 4141 10304 10822 10006 7279
2 4 4141 9939 4325 10616
2 4 4149 12886 1147 4003
2 4 4149 12886 1103 9975
1 8 4150 4116 989 1111 4097 4199 12087 9945
1 9 4150 3991 7116 7958 4933 7908 1989 4022 7203
1 2 4150 7132
2 4 4181 9956 7025 7085
2 4 4197 7212 4094 9965
1 4 4206 4088 4161 11979
1 2 4279 1316
1 2 4279 12129
2 7 4291 12105 4278 7395 1412 8100 8011
2 5 4291 12105 4278 5032 10756
2 4 4291 7250 10799 10259
2 2 4291 1273
1 3 4333 4232 10239
2 3 4345 4417 10230
2 4 4345 9601 7291 12149
2 3 4345 4270 3778
2 6 4345 7345 11662 10381 11722 9693
1 4 4363 1577 10453 1592
1 5 4371 7236 12131 1279 7329
1 5 4371 10156 12144 1291 7342
2 4 4410 10332 12480 7497
2 3 4420 10808 8011
2 5 4420 10808 8067 7363 12275
1 4 4424 4367 12271 4412
1 6 4424 4367 12271 1392 10227 7329
1 2 4424 12299
1 3 4425 1082 4588
1 3 4445 3715 3712
2 6 4449 4540 10586 4402 10727 6696
2 4 4469 4174 1531 1034
1 5 4512 12387 7530 10811 10106
1 5 4512 12416 1578 10882 901
2 4 4516 10751 9973 1983
2 4 4516 1569 10332 4410
2 4 4516 1541 4459 4987
1 6 4521 4816 7879 850 12765 6897
1 5 4521 4816 10591 10651 4865
1 2 4533 10405
1 3 4565 1615 7668
1 5 4565 10410 10355 4444 12489
1 5 4568 7909 7400 2061 1170
2 2 4569 4449
2 4 4569 1621 1441 10370
2 4 4569 12305 10457 12497
2 5 4569 12346 7586 10477 12489
2 4 4570 12909 12903 10419
2 2 4570 10999
1 2 4580 10837
1 6 4580 10768 10385 7602 7573 1521
1 5 4588 1082 10920 12363 1170
1 8 4588 10486 12335 7534 11966 7122 1142 12090
1 2 4607 4521
1 5 4607 4736 1862 12607 9616
2 4 4616 9993 7634 10514
2 6 4616 7662 7565 1656 5310 4987
2 5 4616 10443 10389 12338 4435
2 5 4619 7167 10462 7580 7459
2 4 4619 12467 4130 12086
2 5 4619 4631 9999 7097 13143
1 4 4682 5016 7790 2015
1 4 4682 1703 12526 12601
1 6 4682 1703 1840 1591 10547 7795
1 2 4723 10640
1 3 4723 7780 1827
1 3 4726 7817 10589
1 3 4726 4798 10701
1 5 4739 9669 6726 515 3010
1 8 4739 736 12682 3800 4695 7901 13075 2407
1 6 4741 1851 7760 4610 4794 4723
1 2 4749 4723
1 4 4749 4760 7780 1827
1 3 4755 7604 864
2 7 4755 7604 1463 12476 7530 12387 4512
1 3 4755 6997 12450
1 5 4797 12540 4815 7769 1803
1 4 4797 1762 7717 12605
1 4 4797 1762 7676 10623
1 8 4797 12540 10661 1810 7703 12625 7731 10646
1 5 4801 7752 7749 10575 10647
1 2 4801 12605
1 11 4803 1794 7680 7890 1864 12564 4674 12662 10680 10550 7795
1 2 4860 4741
1 4 4872 4790 1870 1752
2 4 4893 10476 7448 7584
2 2 4893 8053
1 3 4893 2000 5029
1 2 4897 3123
1 3 4908 4977 7935
3 2 4915 10807
2 5 4915 5086 1377 4299 1983
2 10 4925 10132 1257 10787 10817 8104 10856 8059 5080 5033
2 6 4925 1395 12705 11972 10763 10616
2 7 4925 10132 1257 10787 10817 1882 4964
1 3 4948 12710 8015
1 5 4980 13354 13353 10934 13349
1 3 4982 12828 10906
1 2 4982 8107
1 3 4982 5214 13340
1 4 4987 12892 12807 1991
1 3 4987 12892 4435
1 3 4989 7972 4948
1 3 4989 12834 12891
1 3 4989 7972 8015
1 2 4997 7963
2 3 5010 8036 10775
1 2 5010 13242
1 3 5010 12856 13243
1 2 5010 10734
1 3 5010 8036 13246
1 7 5026 10792 12729 13345 13347 13348 13349
1 6 5026 10792 12729 12825 8213 10970
1 3 5028 4938 2025
1 5 5028 8109 4889 7978 10831
1 2 5028 4997
1 3 5028 8109 7963
1 2 5029 1521
1 2 5029 1888
2 5 5033 10741 8041 5102 12789
2 3 5033 5080 4964
1 3 5036 2080 3109
1 5 5036 2080 5054 11012 12830
1 4 5036 2080 10948 8207
1 2 5036 8244
1 2 5046 7203
1 3 5046 8111 8038
1 3 5050 10774 7953
1 7 5050 12773 9816 4943 6826 3916 10106
2 3 5100 2053 10750
1 4 5103 7904 4740 7892
1 8 5103 10798 7762 12624 1738 1809 12642 1827
1 6 5103 10798 7762 12624 2102 10642
1 2 5107 2132
1 5 5107 8179 7561 10989 2227
1 4 5107 13273 2175 10933
1 3 5117 12925 10968
1 5 5117 12775 4128 7716 2024
1 3 5117 12945 12896
1 2 5117 8193
1 3 5121 12954 5169
1 3 5121 12920 2199
1 2 5139 8207
1 2 5139 8244
1 2 5164 2180
1 3 5166 2162 12997
1 3 5166 5202 13288
1 3 5166 8191 13278
2 4 5168 10939 10998 8143
1 2 5168 2227
1 2 5169 8161
1 2 5169 2199
1 6 5169 5118 2161 10961 12946 5173
1 8 5169 5118 2161 10961 8198 8218 5215 5201
1 2 5196 5224
1 5 5199 12677 8054 1552 2126
1 3 5199 7872 1874
1 5 5199 7872 1580 12963 8214
1 3 5199 2216 10929
1 4 5224 2206 10932 4171
1 2 5224 8205
1 5 5224 2206 10932 5180 10988
2 4 5230 8225 10940 5166
2 4 5230 8157 8240 10924
2 5 5230 13195 13286 13287 13288
2 6 5230 8225 10996 10982 2142 2111
2 3 5230 8157 12930
2 5 5230 8225 5188 12917 13278
2 3 5231 12648 10400
1 3 5231 10697 12419
2 5 5231 12648 12064 1494 1468
1 3 5231 4584 1833
1 2 5231 1509
1 5 6020 10976 12941 8164 10928
1 2 6020 5196
1 5 6039 7978 4889 8109 5028
1 2 6039 5036
2 2 6039 10831
1 4 6039 9137 11194 7963
1 4 6039 9137 11012 12830
2 5 6050 11163 35 9185 9209
2 3 6050 161 11082
4 2 6103 11253
1 14 6106 11159 9118 6094 11092 155 11175 6021 170 11045 86 3008 9162 3121
2 3 6115 11078 6160
1 5 6165 6125 9147 11125 11164
2 6 6233 9289 342 6292 3350 331
1 2 6235 6364
2 5 6245 3215 9343 11349 6303
2 5 6245 6022 3176 3101 187
1 2 6258 408
2 4 6262 3292 261 384
2 3 6287 6393 3260
2 2 6287 6345
2 5 6302 11319 11273 11339 372
2 6 6303 11349 9265 226 2999 187
4 2 6318 6384
2 3 6332 11265 3288
2 6 6332 11245 6375 9290 6567 3544
2 2 6345 9279
2 3 6354 11271 6233
2 3 6354 11220 11241
2 2 6354 223
2 6 6377 3395 3234 309 336 11360
2 4 6377 6263 6325 9347
2 9 6377 3395 3234 247 11233 11346 9363 11456 6496
2 3 6377 526 11402
3 7 6384 6335 6399 11332 11218 9314 9392
4 6 6384 3205 9364 311 253 377
2 2 6389 11331
2 3 6389 6257 9347
2 5 6389 317 11251 3325 3260
2 5 6389 317 11251 3277 6364
2 5 6390 6282 349 3340 9388
2 7 6390 6309 9334 9361 11372 11343 9263
3 2 6446 11483
2 5 6496 11456 9363 6286 6336
2 7 6509 462 3430 414 6600 11705 11686
3 3 6521 375 9456
2 8 6521 375 11219 9238 9264 6298 6325 9347
2 4 6521 375 11219 9294
2 5 6522 466 6604 6586 6573
2 4 6522 9494 9468 11479
2 4 6522 11507 9521 3559
3 6 6540 11529 9557 6581 6568 3530
2 8 6540 11529 11544 9416 586 424 9555 6592
2 4 6547 11463 9478 11613
2 6 6554 6530 502 3466 6776 6420
2 6 6554 3409 6517 9518 6603 457
2 5 6573 9537 6561 11679 541
2 8 6573 6586 11691 3548 6571 9704 11676 6714
2 7 6573 6586 11691 11536 6431 6483 11479
2 8 6613 11593 3594 9607 11576 6648 3621 620
2 3 6613 11794 648
2 6 6613 780 762 11713 958 11834
2 6 6613 780 762 9728 11877 9898
2 6 6613 9590 6639 6666 11590 9620
2 5 6613 9590 6639 11573 9603
2 4 6657 9597 11565 9737
2 4 6657 11600 11616 11465
2 4 6685 3670 9611 11581
2 5 6685 3670 6672 9646 653
2 6 6685 11610 9643 9608 619 3617
2 7 6685 3670 6672 665 596 9596 3631
2 5 6685 11610 3627 6647 11577
2 4 6696 1881 10448 1595
2 6 6696 10727 954 7626 12697 12497
2 3 6703 682 6685
2 4 6703 9676 3716 541
1 2 6704 3686
1 2 6711 6714
1 4 6714 11676 9704 3743
1 5 6714 9672 6731 9685 11689
2 6 6718 731 9707 11694 9722 6765
2 4 6718 6733 9647 3672
2 5 6718 685 6674 654 772
1 3 6727 3701 687
2 3 6732 3906 905
2 5 6732 715 718 9675 4445
1 5 6732 3710 908 9850 9847
2 3 6732 3906 11830
1 2 6732 3712
1 6 6752 10618 12597 11667 1873 4872
1 4 6752 10719 4880 12620
1 4 6752 10618 3719 1752
2 8 6765 9739 3746 745 728 712 11632 3672
2 4 6788 6973 3976 9752
2 3 6788 3773 6790
1 4 6793 782 9924 967
2 5 6812 6836 13225 790 3954
2 2 6845 11782
2 3 6845 3824 6984
1 6 6850 801 9923 6823 6929 6984
1 4 6864 9887 6912 11867
1 2 6864 8435
2 6 6876 4518 9911 9855 9814 11757
2 3 6876 1432 4521
1 3 6878 3816 3954
2 5 6896 950 4095 1176 747
1 4 6897 10573 7999 868
1 3 6897 1972 3883
2 4 6914 3938 896 3986
2 5 6914 13224 13229 9778 6896
2 3 6932 1575 1034
2 4 6932 12713 7301 1976
2 2 6938 3967
1 6 6938 979 11883 11866 904 11811
1 4 6938 9844 11747 11784
1 2 6946 9907
2 4 6963 906 852 3981
1 3 6984 9758 9786
1 2 6984 3957
1 3 6985 6606 6793
1 3 6985 1616 6946
1 3 6985 11889 9907
2 4 7011 10073 7164 4076
2 3 7011 4055 1068
1 2 7011 4073
2 4 7045 12054 1132 1019
2 7 7045 12445 10096 10495 7643 9967 5090
2 4 7054 1066 9944 11920
2 4 7069 11943 1102 7203
1 2 7088 3854
1 4 7088 12783 12847 1950
1 2 7107 4206
1 2 7107 7170
2 3 7109 4032 7092
2 4 7109 10022 11996 11944
2 6 7121 11912 12011 9936 10036 7125
2 5 7125 9981 848 6928 3981
2 4 7126 10079 9995 7085
2 7 7137 7650 1597 7168 7128 12378 11918
2 6 7137 4077 10459 1625 1653 12282
2 4 7137 1469 12065 1073
1 4 7170 7151 10089 4017
2 3 7177 10872 2105
2 5 7177 10019 7150 11952 9975
2 2 7183 1048
2 3 7183 10094 10009
1 4 7183 7098 6954 931
2 6 7183 4080 9815 12070 9765 3790
2 3 7183 10094 7153
2 4 7214 11959 12027 1175
2 3 7222 10017 1083
2 10 7222 11994 1171 4105 996 11982 1089 10076 10034 12076
2 3 7222 1146 11913
2 7 7222 11994 1171 4173 10101 7191 11991
2 5 7222 12036 4079 9937 7126
2 5 7279 10006 1474 8095 10616
1 2 7302 4286
2 2 7315 7386
2 4 7315 10157 4428 1408
1 3 7338 4566 12125
1 4 7361 7644 7304 1424
2 2 7376 7432
2 5 7376 4639 12475 7645 12167
2 4 7376 4639 1324 4302
2 3 7386 10271 10183
1 4 7387 7371 12171 10212
1 9 7387 10285 4396 12283 4216 12905 1208 1304 4279
1 8 7387 10285 4396 12283 4216 12905 1208 12129
2 3 7394 11267 6313
1 4 7415 12243 7358 10240
2 5 7446 10346 1383 10776 4568
2 8 7446 10346 1383 10776 10413 7400 2061 1170
1 6 7458 7306 9910 1560 12456 12357
2 2 7459 4009
2 4 7459 7568 7540 7126
1 2 7462 3732
1 4 7463 7327 10354 10382
1 4 7463 12302 7673 4652
1 5 7480 10520 10352 10380 10407
1 3 7497 4513 10428
1 3 7548 10025 12896
1 2 7548 12795
1 2 7548 12981
2 3 7584 10852 10737
1 4 7588 3975 801 6850
2 7 7622 10498 7451 10374 4476 7546 1550
1 5 7638 4604 4575 1585 11007
2 7 7639 1573 12161 10470 4499 1576 1614
2 4 7653 3992 4038 7054
2 3 7653 10501 10057
2 4 7653 10114 1036 4619
1 6 7658 12488 8360 10522 12302 7463
1 4 7658 10509 1648 4652
1 7 7661 1536 4614 4477 1610 1467 12450
1 8 7661 1536 4614 4477 1610 11674 4605 12309
2 2 7668 7480
1 5 7671 12473 12029 1088 10087
1 4 7671 12473 806 11746
1 4 7671 3942 2013 901
1 4 7677 12578 1832 12124
1 7 7677 12578 7820 1854 1857 11712 4860
1 2 7711 7795
2 5 7763 12657 10678 7851 12660
1 9 7768 1664 1684 4669 13076 6040 11119 10723 7712
1 5 7786 12665 10708 10578 10647
2 8 7791 913 9779 7558 10439 10412 11841 3823
2 6 7791 7643 10495 10096 12445 7045
2 3 7791 10909 5090
1 5 7825 1790 7861 7655 10617
1 3 7844 1748 4726
1 4 7858 4678 7891 3606
1 2 7858 2407
1 2 7892 1352
1 6 7892 12024 4814 12570 12642 1827
2 6 7912 13244 12800 12887 1914 12806
2 7 7912 8019 13247 8133 12927 10761 6020
2 5 7912 8019 13247 8062 10775
2 7 7912 8019 13247 8062 11014 8164 10928
2 2 7912 13243
2 6 7912 8019 11145 5160 10860 5196
2 2 7912 10734
2 2 7912 13246
1 4 7919 3181 9152 7963
1 3 7919 1960 8052
1 3 7919 3181 4897
1 5 7919 1883 13211 8078 12830
1 5 7919 3181 9152 2081 3123
1 4 7921 10853 7973 12835
1 5 7921 4946 10871 10916 10830
1 2 7930 10788
1 2 7930 5101
1 5 7934 10748 8004 12813 7995
1 3 7934 12758 5027
1 5 7935 13214 5071 7920 3834
1 3 7936 2079 5026
2 4 7938 2005 1569 4516
2 4 7938 12786 9973 1983
2 2 7938 4410
1 8 7940 10834 12890 2074 12864 10885 8086 4682
1 9 7940 10834 12890 1698 4947 12524 7732 12656 10674
2 3 7959 5039 1909
2 2 7959 2094
2 2 7965 12789
1 3 7995 5024 10791
1 3 7995 10923 4968
2 2 8006 7959
2 2 8006 10762
2 4 8007 10139 8106 10173
2 4 8007 10843 12876 12844
2 6 8007 10898 1971 7084 4110 4003
2 6 8007 10898 7903 10813 8098 8013
2 4 8011 12146 4344 10190
2 4 8011 8100 4414 10756
2 4 8011 12146 4315 12275
1 3 8013 8066 1179
1 7 8013 5105 8044 7975 1978 4998 12717
1 4 8013 12761 10782 13082
1 3 8013 5043 12774
1 3 8017 2031 2075
2 5 8047 8252 5120 2156 8199
1 3 8047 7991 7936
1 5 8052 5060 1473 4978 4897
1 5 8052 1960 5084 11108 12830
2 4 8053 2078 4949 8013
1 6 8053 2017 1948 12895 2070 13082
1 4 8055 7803 10899 4783
1 2 8058 8015
1 5 8073 1923 12883 2033 7934
1 8 8073 1923 12883 2033 8092 2095 1033 12101
2 5 8073 1920 4924 1973 10752
1 3 8085 1955 12702
2 3 8087 5104 10259
1 3 8107 5214 13340
1 4 8113 4942 4892 5026
1 4 8117 4966 8031 1963
1 3 8117 10881 12863
1 5 8122 5013 7983 8071 10836
1 3 8138 10966 12981
1 6 8143 1524 10345 2164 8179 5107
1 6 8143 1524 10345 8227 5153 2228
2 3 8148 7589 4570
2 3 8148 7476 12923
2 5 8148 2185 12479 10360 10513
1 6 8152 2201 10958 10937 12311 1454
1 2 8161 2199
1 2 8181 4533
2 3 8183 5210 6020
2 3 8183 5210 5196
2 2 8183 5224
1 2 8193 12975
1 4 8199 5190 12983 12997
1 3 8199 5162 10970
1 2 8207 12975
1 7 8215 10964 2158 11022 12978 13309 8216
1 4 8215 10992 8229 12984
1 4 8215 12970 5152 12942
1 4 8215 11021 2149 12306
1 6 8215 11021 2149 12321 12982 8161
1 4 8215 11021 8192 2199
1 3 8216 8195 5171
1 5 8216 5143 2208 10986 2106
1 5 8216 13309 12978 11022 12942
1 2 8222 12984
2 4 8236 10889 12810 10732
1 3 8236 12753 1900
1 4 8245 10566 5106 10400
1 3 8245 8178 1468
1 3 8245 5177 12935
1 3 8245 5177 2193
1 5 8245 5177 2151 4851 1874
1 4 8248 8219 12945 12896
1 2 8248 12981
2 3 9097 6174 3151
2 6 9097 11186 3120 9120 9408 11202
1 5 9100 11162 3050 6150 3187
2 6 9126 3132 3034 192 3145 91
1 12 9151 205 130 9088 182 3113 11067 9220 9143 6083 9108 6165
3 4 9161 9075 6046 6104
2 6 9209 6311 6397 13265 9406 9329
2 4 9213 7330 108 99
2 12 9213 9124 6110 11192 3186 196 23 9200 3135 6077 97 3190
2 5 9213 6193 6088 9101 183
4 2 9250 9269
4 5 9250 3353 9322 296 11253
4 4 9269 11317 11270 351
4 3 9269 9379 6318
2 5 9271 11377 11225 9299 6302
2 7 9271 11256 3385 1350 12242 12270 12298
1 10 9292 10213 12229 7429 10168 10140 12198 12227 4394 10253
2 3 9294 11276 321
2 7 9296 3049 137 3192 65 6145 122
4 4 9297 11279 364 9250
4 5 9297 6270 6221 9239 6103
4 3 9297 11345 6318
4 3 9297 7239 3369
4 4 9297 7239 3241 377
2 3 9303 3396 6313
2 2 9329 242
2 4 9329 6406 6331 383
1 4 9340 10323 7482 310
1 5 9340 6222 3525 6322 3296
1 5 9340 9240 9317 11291 3174
2 4 9347 6325 6349 374
2 4 9347 6325 6298 9294
2 6 9347 6325 6298 6218 9375 11402
2 4 9367 6369 6317 413
2 2 9388 321
2 6 9412 9567 6590 6576 11511 3569
2 5 9412 11554 11539 11522 541
2 2 9412 11398
1 4 9417 11403 3464 6490
1 2 9417 11559
2 4 9434 9578 3549 6547
2 7 9434 6599 11535 539 527 9495 11465
2 6 9434 9578 553 3509 9478 11613
2 4 9450 12368 7611 12497
2 2 9450 12357
2 7 9456 3522 9238 9264 6298 6325 9347
2 4 9456 3522 9375 11402
3 4 9457 6464 13205 9412
2 4 9457 3414 6562 3569
2 6 9457 6464 13205 9427 11430 6416
2 11 9467 7366 4869 1782 10718 4775 7899 1769 4875 4426 4872
2 4 9503 549 3629 11516
2 3 9503 6542 3530
3 3 9503 549 11531
2 6 9503 6529 678 698 6698 9642
2 5 9503 6529 678 6683 9620
2 6 9503 549 3629 11502 9559 6583
1 2 9508 3482
3 5 9515 3541 11497 7857 6592
2 6 9515 9681 3703 9665 11651 704
4 3 9570 6512 9457
4 5 9570 552 6595 9535 573
3 6 9570 552 6595 3572 11415 478
3 3 9570 3510 3460
1 4 9588 9591 11574 11577
1 3 9616 4778 12124
1 8 9616 7845 10602 10672 12651 1815 10711 10640
1 4 9616 10556 9695 10582
3 3 9617 3636 818
3 2 9617 3663
2 5 9617 6658 9612 649 9783
2 4 9617 11603 6677 657
2 3 9620 11604 663
2 4 9620 11590 6666 9603
1 6 9633 11618 11615 656 11598 9598
2 9 9640 6697 3696 713 746 3548 11691 6586 6573
2 5 9640 6697 3696 3709 6714
1 3 9640 11608 9606
2 6 9642 9658 6531 3533 11732 13011
2 4 9642 3666 9622 9620
2 2 9660 684
2 5 9660 716 6716 699 730
2 2 9660 6703
2 4 9660 9690 11679 541
2 2 9692 541
2 5 9693 3806 718 715 6732
2 4 9693 3806 11665 4445
2 3 9716 6747 11655
2 7 9716 744 3728 9685 6731 9672 6714
2 3 9716 744 11689
2 4 9716 723 3707 11686
2 4 9737 6762 9710 743
2 5 9737 11565 11720 6775 11702
2 4 9752 3776 773 3780
2 4 9752 11734 9582 11584
2 2 9752 6790
2 3 9752 6606 6985
2 4 9752 3976 6973 6946
2 2 9764 6812
2 4 9772 11824 11874 902
1 3 9772 6891 3838
1 3 9783 9919 9902
1 3 9783 11597 657
2 2 9784 11837
2 6 9784 6843 883 6939 3966 3923
1 8 9817 889 9787 6996 3969 9877 6902 931
1 8 9817 889 9787 6996 11885 844 6986 3846
1 4 9833 6895 3879 849
1 3 9833 11829 11811
1 3 9833 922 9902
1 2 9838 925
1 3 9847 6909 11830
2 4 9853 3946 6960 9898
2 10 9853 3946 6917 943 6766 12169 11699 3740 9710 743
2 4 9853 9824 854 9764
1 3 9875 9914 13255
1 7 9875 3448 13234 841 3980 966 3844
1 4 9890 6940 6913 9809
2 5 9896 6906 6856 11884 1093
2 5 9896 6817 3873 6966 6812
2 4 9896 13222 3909 3954
2 4 9898 760 11709 752
1 3 9930 11774 11905
1 3 9930 3936 11818
1 4 9932 3714 11753 3653
1 11 9945 12087 4199 4097 7173 1152 4933 7908 1989 4022 7203
1 5 9945 12087 4199 7215 12100
2 4 9958 1004 1603 6932
2 4 9958 1004 7508 7459
2 7 9958 4114 7129 12069 10043 12015 4181
2 5 9958 4114 11933 1169 7092
1 2 9962 2220
1 2 9962 3854
1 2 9962 4171
1 4 9962 1181 12847 1950
1 4 9975 1144 1061 1190
2 3 9991 997 10090
2 3 9991 1142 12090
1 3 10009 9979 7153
2 3 10013 1194 10070
1 3 10013 10113 9945
2 5 10024 10109 4065 12038 747
2 5 10030 4883 12854 8120 4410
2 5 10030 7619 10511 11950 8087
2 6 10030 4883 12854 10401 1510 7497
2 5 10030 4883 4557 12490 1622
1 7 10030 4883 4557 12420 7574 9946 10428
2 6 10057 4156 1448 12350 7159 11918
2 4 10057 7199 1053 4081
2 3 10057 4156 13143
2 5 10057 4183 9942 11945 1120
2 4 10068 9969 10022 7109
2 2 10070 7069
1 8 10070 7100 12042 1207 8046 1989 4022 7203
2 3 10077 1609 4616
1 2 10087 1108
2 5 10090 997 7122 1142 12090
2 4 10102 12045 7055 4181
2 5 10102 1084 11980 10003 7092
2 3 10102 12093 11944
1 3 10106 1938 901
2 6 10110 4126 7175 7204 7221 7125
1 2 10126 4073
1 2 10135 12293
1 11 10148 10366 4636 7597 10508 12487 1382 4389 4250 7407 4333
2 4 10148 10366 4636 10353
2 3 10172 5052 12746
1 3 10172 12804 7921
1 5 10172 12804 10738 7973 12835
2 4 10173 8022 1910 2041
2 2 10173 12717
1 5 10212 12171 4338 12243 7415
1 3 10212 12186 10240
2 3 10230 7629 4445
2 3 10230 12202 7462
1 4 10230 10481 733 3712
2 6 10236 10265 7323 10165 1415 12253
1 4 10239 10211 7298 1418
1 10 10239 4281 7326 7383 4277 10220 10275 10452 7657 10353
1 6 10253 7370 12254 7322 6615 3618
2 5 10255 10001 11978 11924 10428
1 5 10262 12474 7541 10395 1614
1 2 10263 1589
1 3 10267 1330 12127
2 5 10278 12180 7310 12779 10756
2 2 10278 10149
2 4 10279 7381 12249 1386
2 5 10309 4379 1302 7280 12297
2 4 10309 7229 1248 4363
1 4 10309 7426 1563 1592
2 6 10337 7628 12486 1528 1643 1453
2 8 10337 12410 4884 2042 6785 12369 10769 12835
2 7 10362 12496 1613 12440 8187 8238 11007
1 5 10362 12496 10502 12453 10515
2 4 10370 1534 2043 1618
1 4 10370 1564 7834 1352
2 7 10370 1564 10717 10391 10333 10676 12586
2 6 10370 1564 10717 10391 10516 1678
1 6 10382 7368 12415 10294 4381 12268
1 4 10400 2171 1494 1468
1 6 10400 5217 1688 2151 4851 1874
1 3 10400 2213 8214
2 4 10419 11002 8196 10999
1 3 10428 1538 4104
1 3 10447 4436 7638
1 8 10447 4589 1598 7581 5110 12466 5156 8181
1 5 10447 7594 1542 1529 10405
2 4 10479 4608 4390 1413
2 4 10479 12472 7654 4273
2 3 10492 12384 5090
2 4 10492 7583 11509 12735
2 4 10492 12498 12325 10407
1 4 10496 10456 7103 4568
1 6 10496 10330 10356 10384 1357 12373
1 3 10496 1507 1464
2 9 10503 12355 7670 10463 9623 12342 10215 10521 12189
2 2 10513 5112
2 4 10513 10432 5172 10980
2 7 10513 10947 11008 11003 10994 2181 12951
2 4 10513 10947 7553 8181
2 3 10514 1581 4588
1 5 10515 1449 2172 5213 2106
1 5 10515 1449 5163 10975 12942
1 4 10589 7765 12611 10557
1 3 10589 10641 10701
1 4 10594 10930 5221 5199
2 4 10601 1459 11687 1919
2 5 10601 1459 10660 7706 12583
2 3 10616 4532 1884
1 5 10640 12561 12633 7888 10582
1 3 10642 4975 3883
1 5 10647 4873 4222 7648 12348
2 2 10671 7639
2 5 10671 4629 11687 1459 10148
2 4 10671 4629 7682 10601
2 4 10671 12722 12239 7584
1 2 10674 1783
1 3 10674 7850 12601
1 5 10674 10691 12737 4823 4751
1 6 10682 10455 1667 7755 12576 7798
1 4 10701 12623 1714 12518
1 3 10728 1988 13087
1 2 10728 2075
2 3 10730 12712 8236
2 5 10730 5066 8032 2051 12746
2 7 10732 12810 10889 2021 12867 4904 12715
2 3 10732 8079 5021
2 5 10732 12810 10889 2021 1900
1 2 10734 13246
2 3 10737 12831 12717
1 4 10740 8097 2037 10830
1 3 10740 12791 3883
1 5 10747 7993 5000 4942 8113
1 3 10747 10790 7936
1 2 10747 5026
1 4 10750 12846 8018 4964
1 3 10750 12846 7940
1 2 10752 10840
1 5 10752 1973 4924 4976 2029
1 7 10752 1973 4924 8030 12768 5081 10791
1 2 10752 5074
2 8 10756 10296 4365 4321 7340 7297 4237 10255
2 2 10756 10259
1 2 10762 8122
1 2 10765 4908
1 9 10765 10848 2069 12833 13216 12859 7964 8119 12736
1 3 10765 8012 3834
1 5 10775 13248 4995 2063 10928
1 2 10775 13246
1 7 10775 13248 13253 12812 1964 4909 10891
1 5 10775 13248 12714 5068 10833
1 5 10775 13248 13253 12757 1905
1 4 10775 13249 7980 8124
1 2 10788 5101
1 5 10791 4932 8108 2048 7960
1 2 10791 12702
2 4 10807 2036 5096 4410
1 2 10814 8058
1 5 10830 2037 8097 12791 3883
2 2 10831 8034
1 3 10833 8094 1905
1 3 10833 10777 8124
1 4 10836 7950 7954 5101
1 6 10837 12818 12704 12748 8009 1888
1 4 10837 12818 4983 1963
1 5 10876 8001 12879 5058 4968
2 2 10886 12823
2 3 10886 13085 8017
2 8 10886 13085 4991 12867 2021 10889 12810 10732
2 5 10886 13085 4991 4904 12715
2 3 10886 13085 2077
1 3 10886 12753 1900
1 3 10891 4909 1905
1 5 10895 8057 1945 4977 4908
1 2 10895 7921
1 4 10895 8057 1945 7935
1 3 10906 12828 8107
1 5 10912 10823 10736 7915 5026
1 6 10912 10823 10879 13362 13361 13340
1 2 10919 12843
1 3 10919 12874 12762
1 4 10924 2160 12979 10944
1 5 10924 2160 12916 5200 12951
1 4 10924 2160 5179 12930
1 5 10924 2160 5165 10973 2209
1 6 10928 12991 5065 12840 10818 10891
1 4 10944 2224 2174 12930
1 4 10944 2224 11001 8216
1 5 10944 2224 13304 5146 12994
1 4 10944 2224 11001 13308
1 3 10944 12943 2209
2 3 10946 8197 10419
2 2 10946 8143
2 9 10946 8184 10926 5218 8129 13275 12947 2150 12933
2 7 10946 8184 10926 5218 10984 5153 2228
2 8 10946 8184 10926 5218 8129 13282 5208 12987
1 4 10957 12519 4735 2126
1 3 10968 8219 8248
1 2 10968 2115
1 2 10968 12975
2 5 10980 8190 12996 2153 10999
2 2 10993 5128
1 6 11007 8238 8187 10943 1449 10515
1 4 11007 12466 5156 8181
1 4 11007 8238 12964 2106
1 5 11109 9212 11191 110 187
1 8 11164 30 9223 6179 3156 197 9123 3121
1 6 11202 415 319 222 341 310
2 9 11241 9323 6249 6326 11259 6242 3310 6324 11202
2 10 11241 9241 6220 9341 406 6340 6413 6359 318 13206
2 7 11241 9241 6220 9341 406 11391 3320
2 7 11241 9323 6249 6326 3219 6459 310
3 2 11253 221
3 2 11293 7377
3 4 11293 3359 11303 385
2 5 11293 3342 303 3396 9303
2 4 11293 3342 9310 6313
2 3 11318 9335 6336
2 3 11331 11305 9294
2 2 11360 11318
2 3 11368 11214 384
2 4 11368 11337 11283 457
1 4 11370 216 386 331
2 6 11370 11216 3759 11341 6280 560
1 4 11398 9427 11430 6416
2 5 11465 9510 6548 3758 3552
2 3 11465 9867 11613
2 5 11479 491 11427 11550 3743
2 8 11479 491 11427 3562 3407 3577 565 11686
1 5 11479 536 6580 11399 3559
2 2 11483 575
2 4 11483 3536 9500 11420
3 2 11499 6540
3 3 11499 9517 3530
2 6 11499 3690 9655 6680 6678 9633
3 3 11505 9428 478
3 2 11505 6521
3 7 11505 9496 3473 444 3532 6558 3460
2 4 11505 3207 6282 6390
3 9 11505 9496 3473 6236 9387 9252 11260 334 389
2 4 11506 9534 6569 11563
2 5 11506 11491 6949 551 13011
2 4 11506 9534 6585 11420
2 3 11506 9523 6547
2 4 11516 11642 6698 9642
2 4 11516 5291 3546 13011
2 11 11523 3578 3426 9460 6492 3465 9422 471 11296 11323 9367
2 7 11523 6539 3518 6506 6602 11484 520
2 12 11523 3578 578 6563 518 11485 579 6454 11501 9516 3489 6490
1 12 11523 9432 6601 3490 9487 3467 6551 9538 11524 11469 11455 3618
3 7 11531 9575 3423 11494 529 9482 495
2 3 11531 9575 6583
2 3 11542 6418 6592
2 2 11563 9434
2 3 11581 3592 3601
1 4 11581 3596 6619 9588
1 4 11581 3654 9596 3631
1 5 11581 624 9595 6647 11577
2 4 11583 11586 9599 3956
2 4 11583 11586 3614 3617
2 4 11583 6634 3649 9606
2 7 11583 6634 630 9756 9771 965 949
2 4 11583 11586 11580 11577
2 4 11583 6998 6953 9890
2 3 11584 9582 6793
2 4 11584 628 6626 599
2 6 11584 628 9613 6673 11612 3673
2 6 11584 628 3657 671 11618 9633
2 4 11639 676 11622 9640
1 4 11639 676 3694 6714
1 6 11639 676 11622 662 11608 9606
2 7 11650 6717 11660 706 3894 3878 859
2 4 11650 6717 1436 9693
3 2 11653 9515
3 4 11653 3705 708 11499
3 3 11653 3705 6540
3 5 11653 692 11620 9636 9633
2 5 11655 9701 6706 3076 687
2 5 11658 9713 6699 6694 6876
2 5 11658 9713 6699 3678 9671
2 2 11666 704
2 5 11666 3700 6720 9676 6703
2 5 11666 6739 3718 557 3569
2 3 11666 6739 9692
2 4 11666 9661 9648 653
2 5 11668 6741 9680 9677 6704
2 2 11670 6727
2 4 11686 9683 6743 6727
1 8 11689 6761 9548 577 3407 3577 565 11686
2 3 11702 3948 752
2 4 11707 6749 9703 11688
2 2 11710 758
2 5 11710 9689 6734 11673 9817
1 2 11746 886
2 4 11751 9794 3910 9838
2 4 11751 6862 6875 11833
1 4 11751 9794 6926 925
1 10 11757 7517 1562 12461 13215 13216 12859 7964 8119 12736
1 6 11757 7517 12374 7986 10783 3834
2 3 11760 11791 689
2 5 11760 6855 827 9808 6850
2 6 11800 4442 6890 9825 659 11760
2 3 11800 3802 6850
1 4 11811 6871 9806 11784
1 6 11833 6875 9750 3885 6926 925
2 2 11833 6946
1 3 11833 910 9907
2 2 11834 911
2 4 11834 11849 11877 9898
1 3 11848 9799 6864
1 2 11851 931
1 2 11851 3846
1 5 11853 652 7470 6935 864
1 3 11853 9886 9932
1 7 11853 9954 9868 6919 6950 3903 919
1 4 11853 10399 11739 4512
1 5 11853 6991 789 7454 3653
1 4 11867 947 3851 11811
1 3 11894 975 9932
1 3 11894 3935 919
1 4 11899 6799 9591 9588
1 4 11899 953 11858 9809
1 2 11905 878
2 5 11913 4148 7181 4123 4082
2 8 11913 1146 10008 7094 12036 4079 9937 7126
2 4 11918 7159 12350 13143
2 4 11918 12014 10080 1120
2 7 11921 10026 7005 11957 12039 1189 1149
2 3 11941 1047 1202
2 3 11941 7152 4189
2 4 11969 10091 7162 11921
1 4 11979 1155 12049 4073
2 3 11991 12059 11920
2 3 12031 7212 4197
2 3 12031 7072 9965
2 2 12046 10876
1 5 12046 2097 12855 829 5050
2 4 12046 3795 1600 10106
1 4 12046 3795 12372 901
2 6 12051 9976 10059 7149 7033 1128
1 3 12051 7065 4046
2 2 12051 7081
1 4 12058 1164 9940 4170
1 5 12071 1064 11999 1206 12771
2 7 12076 7014 10034 10076 1089 11982 11913
2 4 12076 4042 7191 11991
2 8 12076 7014 10034 10076 1089 10095 7142 4082
2 3 12076 7014 12052
2 7 12084 1006 10084 1138 4113 10012 4070
2 4 12084 7099 4053 4081
2 3 12084 7071 11986
2 4 12086 1612 9934 4009
2 3 12086 7434 7279
2 4 12098 10027 9856 11837
1 6 12101 4115 1015 11970 4088 4206
1 3 12101 11976 4017
1 4 12110 1225 10266 12225
1 6 12110 2184 5176 5226 2047 7415
1 7 12125 7295 1315 1385 12292 1296 4388
1 5 12127 1417 10283 10344 1650
1 5 12127 1417 12256 4654 1607
1 4 12127 4336 1403 12125
1 7 12127 1417 10283 12284 3651 1014 12090
2 8 12149 7433 1284 12291 4362 634 12289 1424
2 3 12167 4596 4363
1 3 12167 10453 1592
2 10 12189 10466 11643 6686 12500 9798 3787 11750 6989 957
2 8 12189 4805 7672 10722 7801 10655 4725 7763
1 7 12225 10237 4323 7299 5226 2047 7415
2 7 12232 4401 7347 12176 1605 1400 4363
1 4 12264 10438 12388 12373
1 4 12264 12431 12417 1592
1 3 12264 10467 4302
1 3 12268 4381 1373
2 3 12275 7447 1238
2 2 12282 7446
2 5 12282 4501 1383 8023 7965
2 5 12282 1653 1114 12008 1073
2 6 12297 4397 9988 4339 7356 10496
1 5 12297 10326 1390 12332 1464
1 9 12298 1210 1406 4261 4215 10256 7401 12157 9292
1 5 12298 4322 7438 7370 10253
1 3 12306 12982 8161
1 2 12306 2199
1 2 12333 1521
2 3 12341 10861 3960
2 2 12341 10337
2 7 12341 5022 6798 12728 4955 10894 10740
1 6 12357 9657 926 7829 4029 1849
2 4 12364 12379 4573 7621
2 2 12364 10515
2 6 12364 10402 10390 8208 10985 12942
1 5 12386 4524 7487 7512 4468
1 7 12386 7585 1546 4509 10369 7529 12371
1 3 12419 12692 12547
1 4 12419 10697 4584 1833
1 2 12419 1509
1 7 12450 12320 3564 10472 10403 7454 3653
1 3 12450 11708 12309
1 5 12458 1503 1559 7599 1453
2 3 12485 1588 12618
1 6 12485 4876 10638 1743 12629 10647
1 6 12485 1502 1811 7578 10363 12348
1 2 12489 12458
2 5 12501 12670 8083 10657 7791
2 6 12501 12670 1987 7615 4540 4449
2 4 12501 12670 6974 6696
2 6 12501 10824 10753 11717 8110 4565
2 4 12501 10824 10192 12735
2 7 12501 12670 1987 7615 4625 10477 12489
1 7 12518 11607 12592 4455 13062 5264 13063
1 11 12527 12187 4802 7898 12393 10677 12502 4669 1684 1664 7768
2 6 12527 12187 11195 4314 12558 7712
2 5 12536 4866 10652 1297 4803
1 4 12536 4866 7274 7825
1 4 12536 7789 12174 10617
1 3 12547 4696 1833
1 5 12547 12589 10415 10442 1509
1 7 12547 12589 10415 10442 5189 7605 4879
1 5 12547 12589 10415 4528 5154
1 3 12566 1836 1752
1 6 12566 7877 1767 7760 1851 4741
1 8 12583 7706 10408 1483 2058 4923 1766 2015
1 3 12583 1825 1675
1 3 12583 4773 7711
1 5 12586 1683 12516 7840 4749
1 3 12586 9892 1678
1 3 12601 10619 7795
1 3 12605 1859 10623
2 3 12618 7832 7763
2 8 12618 1847 7873 4809 12537 10541 12543 12660
1 3 12620 1875 1747
1 4 12620 7862 4772 1752
1 7 12620 10569 10595 12646 10666 9892 1678
1 6 12655 1780 10673 12599 7849 10617
1 6 12660 12543 10559 7725 4677 7786
1 3 12663 3481 4739
1 5 12663 12603 4759 7877 12566
1 3 12715 4965 2077
1 6 12725 10902 4910 7156 1064 12071
2 2 12731 10919
1 3 12731 12874 12762
1 2 12731 12817
2 4 12735 7422 4756 7480
1 8 12736 8119 7964 12859 13216 13215 10783 3834
1 5 12736 8119 7964 12859 1892
1 5 12742 12787 8039 13212 12843
1 4 12742 12787 8096 10836
1 2 12742 10862
1 3 12746 12873 10895
1 3 12746 12873 7921
1 3 12762 2001 10836
1 2 12762 12817
1 4 12766 8043 4985 8124
1 3 12785 12787 12742
1 3 12785 1951 10919
1 2 12785 12843
1 2 12785 10862
2 4 12794 5045 8008 1909
1 4 12794 5045 5070 10762
2 3 12794 8065 8122
2 4 12794 4927 12751 10829
2 3 12794 12851 10836
2 3 12794 8116 7930
2 5 12794 4927 12838 2044 10788
1 4 12794 8116 7954 5101
2 6 12797 4313 11448 7270 10490 10750
2 2 12798 8047
2 4 12798 8075 2007 5026
2 5 12806 10743 10784 2088 2046
2 5 12806 10743 4918 4954 13242
2 3 12806 10795 2016
2 5 12806 1914 12887 12800 13243
1 7 12806 10743 10784 2088 12723 13250 12766
2 2 12823 8017
1 4 12835 10769 13088 5021
1 5 12835 7973 10800 12850 10830
1 3 12843 12874 12762
1 3 12843 13212 10836
1 5 12853 12999 10874 2035 4980
1 6 12853 12999 2214 10956 2204 2111
1 2 12853 5220
1 7 12853 12999 2168 5151 13281 12959 12987
1 2 12863 7982
1 2 12865 8017
1 2 12865 10728
1 3 12896 10025 12981
1 6 12910 12924 12932 4791 7811 7798
2 5 12923 12977 10945 2181 12951
2 3 12923 8140 12987
1 4 12930 2174 13302 12994
1 4 12930 2174 13303 8217
1 2 12933 5220
1 2 12933 2228
1 7 12933 2150 12947 5151 13281 12959 12987
1 4 12935 2120 12971 5164
1 2 12935 2193
1 4 12935 7842 4851 1874
1 4 12950 5155 2120 12935
1 4 12950 5221 10930 10594
1 2 12950 5199
1 3 12950 12908 2180
1 3 12950 5155 10929
1 4 12951 10959 5148 2111
1 4 12951 10959 5115 12987
1 4 12951 5200 10973 2209
1 2 12984 5121
1 4 12985 8202 8136 10957
1 2 12985 8138
1 4 12985 12958 5158 12981
2 2 12989 7088
1 2 12989 3854
1 5 12989 12929 5160 10860 5196
1 2 12994 5171
1 3 12994 13301 8217
1 4 12997 12983 2212 10970
1 6 12997 12983 2212 13316 13279 13278
1 2 13009 177
2 5 13011 11549 9561 6585 11420
4 4 13068 516 6560 6446
4 2 13068 3516
3 5 13068 6598 9431 9498 3211
3 3 13068 11419 6496
1 4 13082 2039 1986 12863
1 3 13082 2039 7982
1 2 13082 12774
1 2 13091 4848
2 5 13143 7097 10517 7101 7279
2 4 13206 3393 9274 3320
1 3 13242 12856 13243
1 3 13243 12856 10734
1 6 13255 9914 11762 9849 6940 9890
1 8 13255 3884 11767 914 9805 9916 11786 863
1 3 13255 9780 9809
1 6 13288 13287 13086 10952 2174 12930
1 6 13288 13287 13086 5131 13303 8217
1 5 13349 13348 13342 13341 13340
